% Model:              2016.06.22 - temiska-2.mph
% Version:            COMSOL 5.1.0.136
% Date:               Sep 24 2016, 13:23
% Dimension:          2
% Nodes:              708
% Expressions:        2
% Description:        Arrow surface
% cpl1x                   cpl1y                    VectorX                  VectorY
-40.07808449217088        -38.66666666666668       2.1947473723590484E-5    -2.159600108505074E-5
-37.311417825504215       -38.66666666666668       1.6662494410157262E-4    -5.824802248432476E-5
-34.54475115883754        -38.66666666666668       0.0025244409991182467    -1.6185865364546064E-4
-31.778084492170876       -38.66666666666668       0.0029215197556491054    9.605037456949738E-6
-29.01141782550421        -38.66666666666668       0.002804199036739161     -8.44381718168142E-6
-26.244751158837545       -38.66666666666668       0.0029377183761595716    6.794051932713907E-6
-23.478084492170872       -38.66666666666668       0.002836937704573188     -1.9844122415425956E-6
-20.711417825504206       -38.66666666666668       0.002931227238585576     8.252310792513609E-6
-17.94475115883754        -38.66666666666668       0.002833871854008409     -2.418997858566182E-6
-15.178084492170871       -38.66666666666668       0.002885985379126138     -1.0479874741283596E-6
-12.411417825504206       -38.66666666666668       0.0028814038306791833    -6.4138247396264516E-6
-9.644751158837536        -38.66666666666668       0.0029179476459399974    -7.978793903673808E-6
-6.8780844921708635       -38.66666666666668       0.002909079440422297     -1.6048893698506254E-5
-4.111417825504198        -38.66666666666668       0.002858166452279833     -2.1152168377638286E-6
-1.344751158837532        -38.66666666666668       0.002904553488867972     8.45662040577491E-6
1.4219155078291337        -38.66666666666668       0.0028864415801413026    5.849309588108072E-6
4.188582174495799         -38.66666666666668       0.0028659446373062005    3.7959907751434093E-6
6.955248841162472         -38.66666666666668       0.002863376118816982     -4.578324346229357E-6
9.721915507829138         -38.66666666666668       0.0029308544548598864    -1.9340458337373085E-6
12.488582174495804        -38.66666666666668       0.0028623218936716177    4.63424631585762E-6
15.25524884116247         -38.66666666666668       0.0028469722095701613    -8.511096638262309E-6
18.021915507829135        -38.66666666666668       0.0028934911253449065    -1.8155282132660433E-5
20.788582174495808        -38.66666666666668       0.002955068528617275     -1.6442848329312003E-5
23.555248841162474        -38.66666666666668       0.0029376691432474416    7.4745065888282415E-6
26.321915507829154        -38.66666666666668       0.00286658366996782      -1.707462395461346E-7
29.08858217449582         -38.66666666666668       0.002776297788806244     8.619107174535089E-6
31.855248841162485        -38.66666666666668       0.0029087616644930883    1.2636145019520962E-5
34.62191550782914         -38.66666666666668       0.0023408414532057214    1.37939457165658E-4
37.388582174495816        -38.66666666666668       1.6053336446708182E-4    7.211392328306447E-5
40.15524884116248         -38.66666666666668       2.3611677226784754E-5    2.54293648418458E-5
-40.07808449217088        -36.000000000000014      1.555136337133878E-5     -8.578859230936498E-5
-37.311417825504215       -36.000000000000014      7.51330766249185E-5      -1.5435380608126343E-4
-34.54475115883754        -36.000000000000014      2.120109696275493E-6     -7.159929322273181E-5
34.62191550782914         -36.000000000000014      -2.199512535955328E-6    -6.7650204772674025E-6
37.388582174495816        -36.000000000000014      2.5888469368543507E-5    1.5729730658608273E-4
40.15524884116248         -36.000000000000014      1.2945745969033119E-5    1.1232357817308963E-4
-40.07808449217088        -33.33333333333334       5.157864035052744E-6     -1.1558206624000444E-4
-37.311417825504215       -33.33333333333334       1.6002320369504166E-5    -1.5510509046075954E-4
-34.54475115883754        -33.33333333333334       -6.226797171600644E-8    -2.783312332969915E-5
34.62191550782914         -33.33333333333334       -1.0316592234689454E-7   2.4644440321702077E-5
37.388582174495816        -33.33333333333334       -5.045584624619832E-6    1.484373054462136E-4
40.15524884116248         -33.33333333333334       -4.914976505876838E-7    1.3220473175730064E-4
-40.07808449217088        -30.66666666666668       1.4830209750971958E-6    -1.235222156928721E-4
-37.311417825504215       -30.66666666666668       4.059365384859638E-6     -1.5153470540591976E-4
-34.54475115883754        -30.66666666666668       1.1932943016364123E-7    -2.6300062088190396E-5
34.62191550782914         -30.66666666666668       -1.5887018738875504E-7   2.727994336929021E-5
37.388582174495816        -30.66666666666668       -1.806881914591491E-6    1.475673512963287E-4
40.15524884116248         -30.66666666666668       -1.1348756676246706E-6   1.3013957133021074E-4
-40.07808449217088        -28.000000000000007      1.2424629108205582E-6    -1.2804825131167732E-4
-37.311417825504215       -28.000000000000007      2.8883955688223938E-6    -1.5007476366344085E-4
-34.54475115883754        -28.000000000000007      1.722750358716397E-7     -1.9576150421405197E-5
34.62191550782914         -28.000000000000007      -1.571691772346524E-8    2.349238218846119E-5
37.388582174495816        -28.000000000000007      3.8543911475498346E-6    1.489297693347503E-4
40.15524884116248         -28.000000000000007      8.932229530981308E-7     1.295777403345458E-4
-40.07808449217088        -25.333333333333343      2.492626829024457E-6     -1.3395188205022693E-4
-37.311417825504215       -25.333333333333343      1.6017508605450835E-5    -1.5483592243388658E-4
-34.54475115883754        -25.333333333333343      3.9459101758626916E-4    -2.7527633140444857E-5
-31.778084492170876       -25.333333333333343      9.520810838628342E-4     -1.6909557305217603E-5
-29.01141782550421        -25.333333333333343      0.001760756079282225     -2.7070291936462916E-6
-26.244751158837545       -25.333333333333343      0.001730241509802637     -1.4800801051657334E-6
-23.478084492170872       -25.333333333333343      0.0017404018917745205    1.5139025348995042E-6
-20.711417825504206       -25.333333333333343      0.0017395126305329426    1.723272235179801E-6
-17.94475115883754        -25.333333333333343      0.001735937492480317     1.6796727630541766E-6
-15.178084492170871       -25.333333333333343      0.0017222887470725895    4.873259180832149E-6
-12.411417825504206       -25.333333333333343      0.0017380341473701268    4.298729190973035E-6
-9.644751158837536        -25.333333333333343      0.0017083833281672366    5.416664766974756E-6
-6.8780844921708635       -25.333333333333343      0.0017350586541407908    4.337128315140855E-6
-4.111417825504198        -25.333333333333343      0.0017137878451174344    6.334023511682309E-7
-1.344751158837532        -25.333333333333343      0.0017120742664149713    3.9448598882826705E-6
1.4219155078291337        -25.333333333333343      0.0016991466398037103    5.785696769745781E-6
4.188582174495799         -25.333333333333343      0.0016795542605271823    2.6653593808813094E-6
6.955248841162472         -25.333333333333343      0.0017026107225951385    1.0588135640663341E-5
9.721915507829138         -25.333333333333343      0.0016762140729422136    6.0045172454671154E-6
12.488582174495804        -25.333333333333343      0.0016360522952368491    1.0828224562206072E-5
15.25524884116247         -25.333333333333343      0.0016425451357485357    1.3612472896863408E-5
18.021915507829135        -25.333333333333343      0.0015937457169474764    8.151796502308718E-6
20.788582174495808        -25.333333333333343      0.001596787170898079     9.233616754283491E-6
23.555248841162474        -25.333333333333343      0.0015838041591081768    7.433420806608055E-6
26.321915507829154        -25.333333333333343      0.001559839065493875     4.648855558301752E-7
29.08858217449582         -25.333333333333343      0.0015514307202282019    4.895838763675211E-6
31.855248841162485        -25.333333333333343      8.093444246309757E-4     3.0005533850461726E-5
34.62191550782914         -25.333333333333343      3.1512123563283184E-4    3.659094095741843E-5
37.388582174495816        -25.333333333333343      1.6543574299284314E-5    1.5595034168296824E-4
40.15524884116248         -25.333333333333343      2.5172743956214393E-6    1.3719971521819095E-4
-40.07808449217088        -22.666666666666675      2.9807254626113523E-6    -1.426681285123179E-4
-37.311417825504215       -22.666666666666675      1.7966040503378582E-5    -1.7617148718055775E-4
-34.54475115883754        -22.666666666666675      1.447968823548703E-4     -1.7085718311227624E-4
-31.778084492170876       -22.666666666666675      1.9575402378778784E-4    2.576166525032226E-6
-29.01141782550421        -22.666666666666675      2.5878660452066063E-4    5.469635054687354E-5
-26.244751158837545       -22.666666666666675      2.709154053656002E-4     3.464566101856628E-5
-23.478084492170872       -22.666666666666675      2.7889921118002436E-4    2.765377872631061E-5
-20.711417825504206       -22.666666666666675      2.762906845297359E-4     2.5496836833403043E-5
-17.94475115883754        -22.666666666666675      2.734067992768905E-4     2.5013646160412573E-5
-15.178084492170871       -22.666666666666675      2.7489951603968814E-4    2.8941762875988546E-5
-12.411417825504206       -22.666666666666675      2.8060989019744703E-4    3.0976884494170434E-5
-9.644751158837536        -22.666666666666675      2.787844550314684E-4     3.57313230367227E-5
-6.8780844921708635       -22.666666666666675      2.814489387114198E-4     4.5874397902134915E-5
-4.111417825504198        -22.666666666666675      2.823183491756192E-4     5.281062957783399E-5
-1.344751158837532        -22.666666666666675      2.83616261579136E-4      6.23020750724055E-5
1.4219155078291337        -22.666666666666675      2.8693689942292595E-4    7.550244396040896E-5
4.188582174495799         -22.666666666666675      2.792108034407466E-4     9.175235904214214E-5
6.955248841162472         -22.666666666666675      2.755661047925875E-4     1.0775062839678178E-4
9.721915507829138         -22.666666666666675      2.78031529914777E-4      1.3649427799817726E-4
12.488582174495804        -22.666666666666675      2.801825274367214E-4     1.668935536323337E-4
15.25524884116247         -22.666666666666675      2.809516301113635E-4     2.0389034716997487E-4
18.021915507829135        -22.666666666666675      2.594799209373998E-4     2.0003677572997795E-4
20.788582174495808        -22.666666666666675      2.3320611729499922E-4    1.6451590471896785E-4
23.555248841162474        -22.666666666666675      2.2828087244421364E-4    1.1561235978975699E-4
26.321915507829154        -22.666666666666675      2.1999251433712098E-4    6.228747102503925E-5
29.08858217449582         -22.666666666666675      2.0340982480468927E-4    4.0063483528355177E-7
31.855248841162485        -22.666666666666675      1.4540505993503023E-4    7.072283516867497E-6
34.62191550782914         -22.666666666666675      1.2300140937450424E-4    1.5362087543990897E-4
37.388582174495816        -22.666666666666675      1.250586754201443E-5     1.7351751461332544E-4
40.15524884116248         -22.666666666666675      2.403389429898682E-6     1.4601667256085635E-4
-40.07808449217088        -20.000000000000007      2.1499202164790187E-6    -1.5344646054228243E-4
-37.311417825504215       -20.000000000000007      8.087446168198884E-6     -1.8389268358640887E-4
-34.54475115883754        -20.000000000000007      3.1163480112504074E-5    -1.1838266926306385E-4
-31.778084492170876       -20.000000000000007      2.4122106871251494E-4    2.1945835069436534E-6
-29.01141782550421        -20.000000000000007      2.487972024487954E-4     1.9945468785765912E-5
-26.244751158837545       -20.000000000000007      2.671040956267094E-4     2.3745240506349022E-5
-23.478084492170872       -20.000000000000007      2.7071036744214996E-4    2.281618486952127E-5
-20.711417825504206       -20.000000000000007      2.848794139158679E-4     2.2315618113575917E-5
-17.94475115883754        -20.000000000000007      2.8814902497574914E-4    2.6990768623098173E-5
-15.178084492170871       -20.000000000000007      2.786281728377596E-4     2.4566313990043098E-5
-12.411417825504206       -20.000000000000007      2.8733763686408575E-4    2.964556371973162E-5
-9.644751158837536        -20.000000000000007      2.8605647535722773E-4    3.408336373193704E-5
-6.8780844921708635       -20.000000000000007      2.804171406408243E-4     4.051225391492484E-5
-4.111417825504198        -20.000000000000007      2.9598980781933386E-4    4.897420340506717E-5
-1.344751158837532        -20.000000000000007      2.814620568850283E-4     5.539828132284641E-5
1.4219155078291337        -20.000000000000007      3.0649489299912076E-4    7.602175388406532E-5
4.188582174495799         -20.000000000000007      2.949309402252502E-4     8.66588873863964E-5
6.955248841162472         -20.000000000000007      3.0604545339267645E-4    1.0868702294189025E-4
9.721915507829138         -20.000000000000007      3.086177507524791E-4     1.3421328808753261E-4
12.488582174495804        -20.000000000000007      3.1895442282213514E-4    1.7480352314121165E-4
15.25524884116247         -20.000000000000007      2.976029447719457E-4     2.1894649780760075E-4
18.021915507829135        -20.000000000000007      2.3343689253332332E-4    2.3279702850025118E-4
20.788582174495808        -20.000000000000007      1.9368707197700916E-4    1.8847656604089347E-4
23.555248841162474        -20.000000000000007      1.787397390390422E-4     1.240627461940459E-4
26.321915507829154        -20.000000000000007      1.760850128157927E-4     7.065365154164276E-5
29.08858217449582         -20.000000000000007      1.6182333754035587E-4    3.060593673752335E-5
31.855248841162485        -20.000000000000007      1.5304824327892503E-4    9.407730875826907E-6
34.62191550782914         -20.000000000000007      2.4023589323765606E-5    1.0717819592149517E-4
37.388582174495816        -20.000000000000007      3.819776865763738E-6     1.787373664530992E-4
40.15524884116248         -20.000000000000007      1.3001761982388469E-6    1.4992713760261363E-4
-40.07808449217088        -17.33333333333334       1.0890142777443743E-6    -1.545666599324697E-4
-37.311417825504215       -17.33333333333334       2.9803330384043315E-6    -1.84779911047014E-4
-34.54475115883754        -17.33333333333334       1.1685615669512726E-5    -1.0416055979717405E-4
-31.778084492170876       -17.33333333333334       2.6236448783273266E-4    9.139918146529059E-7
-29.01141782550421        -17.33333333333334       2.5929171456087757E-4    9.265582570513896E-6
-26.244751158837545       -17.33333333333334       2.739359442475355E-4     1.5619173295756167E-5
-23.478084492170872       -17.33333333333334       2.7756242439934804E-4    1.967097647455883E-5
-20.711417825504206       -17.33333333333334       2.7464205605549056E-4    1.9247524227033582E-5
-17.94475115883754        -17.33333333333334       2.8194089677715834E-4    2.3374563980233317E-5
-15.178084492170871       -17.33333333333334       2.812641163887006E-4     2.3446501347941683E-5
-12.411417825504206       -17.33333333333334       2.900572795688114E-4     2.864416790307084E-5
-9.644751158837536        -17.33333333333334       2.8876941957169556E-4    3.3677141714944734E-5
-6.8780844921708635       -17.33333333333334       2.924329649627047E-4     3.792615343533279E-5
-4.111417825504198        -17.33333333333334       2.9046641119987555E-4    4.423806114581527E-5
-1.344751158837532        -17.33333333333334       3.020941462623069E-4     5.494060482524464E-5
1.4219155078291337        -17.33333333333334       3.0131334477985234E-4    6.347820976126988E-5
4.188582174495799         -17.33333333333334       3.161898510987219E-4     8.146415220985188E-5
6.955248841162472         -17.33333333333334       3.4108449038397514E-4    1.0444922624375121E-4
9.721915507829138         -17.33333333333334       3.4557180623300487E-4    1.267523163323252E-4
12.488582174495804        -17.33333333333334       3.415171024572993E-4     1.531953810081521E-4
15.25524884116247         -17.33333333333334       3.709737505917224E-4     2.5001201366604234E-4
18.021915507829135        -17.33333333333334       1.790319858326361E-4     3.650088234376806E-4
20.788582174495808        -17.33333333333334       9.810000778976766E-5     1.9139907304622624E-4
23.555248841162474        -17.33333333333334       1.2241223927273573E-4    1.1529350279450335E-4
26.321915507829154        -17.33333333333334       1.3101458695438575E-4    6.951336681800851E-5
29.08858217449582         -17.33333333333334       1.373959971753576E-4     3.7446301226533836E-5
31.855248841162485        -17.33333333333334       1.3628899096501218E-4    1.2110075262675486E-5
34.62191550782914         -17.33333333333334       7.01451926619559E-6      9.988681747560235E-5
37.388582174495816        -17.33333333333334       3.4596925010387144E-7    1.8011266544297756E-4
40.15524884116248         -17.33333333333334       5.502526113632871E-7     1.5357189886142865E-4
-40.07808449217088        -14.666666666666671      -3.4128908604326785E-8   -1.5855092630317764E-4
-37.311417825504215       -14.666666666666671      1.415179827327773E-6     -1.8697124987017153E-4
-34.54475115883754        -14.666666666666671      8.30283159204521E-6      -1.0241378242391546E-4
-31.778084492170876       -14.666666666666671      2.7270489669970865E-4    -3.356637848920963E-6
-29.01141782550421        -14.666666666666671      2.67777190752868E-4      5.213226599332465E-6
-26.244751158837545       -14.666666666666671      2.7699818134972596E-4    1.018574392708437E-5
-23.478084492170872       -14.666666666666671      2.893262229257767E-4     8.980920236388714E-6
-20.711417825504206       -14.666666666666671      2.8839271102284493E-4    1.7984260015321387E-5
-17.94475115883754        -14.666666666666671      2.8389551069028936E-4    1.9864596315343734E-5
-15.178084492170871       -14.666666666666671      2.8711481626530447E-4    2.368461885728161E-5
-12.411417825504206       -14.666666666666671      2.945918811953561E-4     2.4686057988248366E-5
-9.644751158837536        -14.666666666666671      2.8965146609674424E-4    2.9570925452853528E-5
-6.8780844921708635       -14.666666666666671      3.0050251410502544E-4    3.631491774963108E-5
-4.111417825504198        -14.666666666666671      3.0990228623295165E-4    4.074486426895788E-5
-1.344751158837532        -14.666666666666671      3.2465837678226134E-4    5.240183301220098E-5
1.4219155078291337        -14.666666666666671      3.1857468768068867E-4    5.933901115525226E-5
4.188582174495799         -14.666666666666671      3.2954910306797446E-4    7.257221231522728E-5
6.955248841162472         -14.666666666666671      3.5686411985235697E-4    8.851698681141689E-5
9.721915507829138         -14.666666666666671      3.5617806389055763E-4    1.0017280775255919E-4
12.488582174495804        -14.666666666666671      4.162623755226141E-4     1.2326511557606912E-4
15.25524884116247         -14.666666666666671      5.313534893851665E-4     1.0740710453113617E-4
18.021915507829135        -14.666666666666671      -6.108908648036832E-4    -3.8203742453392505E-4
20.788582174495808        -14.666666666666671      1.345982922673647E-5     1.0009833832203514E-4
23.555248841162474        -14.666666666666671      7.639367481948433E-5     8.632231426124951E-5
26.321915507829154        -14.666666666666671      9.726515021335392E-5     5.8449829234347674E-5
29.08858217449582         -14.666666666666671      1.0803382556346888E-4    3.367360169291137E-5
31.855248841162485        -14.666666666666671      1.1214325488174473E-4    1.039421986630027E-5
34.62191550782914         -14.666666666666671      3.681465399691075E-6     9.880850101474199E-5
37.388582174495816        -14.666666666666671      8.258816959385358E-7     1.7894874188457922E-4
40.15524884116248         -14.666666666666671      -1.6607074605446232E-7   1.5334383241269852E-4
-40.07808449217088        -12.000000000000004      -2.1445044259633836E-7   -1.5914464359680444E-4
-37.311417825504215       -12.000000000000004      1.0499366730997608E-6    -1.8637222617250206E-4
-34.54475115883754        -12.000000000000004      8.003834456517998E-6     -1.0094462176946454E-4
-31.778084492170876       -12.000000000000004      2.815584678582925E-4     -4.80567970081511E-6
-29.01141782550421        -12.000000000000004      2.7580080550786E-4       2.488165734813027E-6
-26.244751158837545       -12.000000000000004      2.977332644643057E-4     7.627692177081498E-6
-23.478084492170872       -12.000000000000004      2.826610324104741E-4     1.062469352231926E-5
-20.711417825504206       -12.000000000000004      2.8857347708582454E-4    1.351106686708987E-5
-17.94475115883754        -12.000000000000004      2.868704087016342E-4     1.4913287970617227E-5
-15.178084492170871       -12.000000000000004      2.885631559857052E-4     1.7955221440685917E-5
-12.411417825504206       -12.000000000000004      2.949499765182877E-4     2.0582055450773707E-5
-9.644751158837536        -12.000000000000004      2.963829270495314E-4     2.6382855303583206E-5
-6.8780844921708635       -12.000000000000004      3.1103285831374694E-4    3.0552860120891226E-5
-4.111417825504198        -12.000000000000004      3.027175806549879E-4     3.479899821230733E-5
-1.344751158837532        -12.000000000000004      3.201968585847857E-4     4.3783054562004136E-5
1.4219155078291337        -12.000000000000004      3.3426939694477777E-4    4.920353041286907E-5
4.188582174495799         -12.000000000000004      3.362635548737756E-4     5.874490290793687E-5
6.955248841162472         -12.000000000000004      3.5727449252707564E-4    6.904878455676877E-5
9.721915507829138         -12.000000000000004      3.745603313896255E-4     7.908426145287507E-5
12.488582174495804        -12.000000000000004      4.009888045427904E-4     8.341691975285512E-5
15.25524884116247         -12.000000000000004      3.71507768704401E-4      5.467674629321836E-5
18.021915507829135        -12.000000000000004      1.8133982064153043E-4    9.280633348788173E-6
20.788582174495808        -12.000000000000004      5.4453223915532826E-5    6.231863755353935E-5
23.555248841162474        -12.000000000000004      6.159876559419148E-5     6.42085092551706E-5
26.321915507829154        -12.000000000000004      7.744311520796572E-5     4.71863266404724E-5
29.08858217449582         -12.000000000000004      8.606272285470684E-5     2.8167352894002984E-5
31.855248841162485        -12.000000000000004      9.042482599746312E-5     9.972503906135762E-6
34.62191550782914         -12.000000000000004      3.0602211139431985E-6    9.695422430993829E-5
37.388582174495816        -12.000000000000004      7.751913549493817E-7     1.810574560559201E-4
40.15524884116248         -12.000000000000004      -2.9034487935647705E-7   1.5563441933592827E-4
-40.07808449217088        -9.333333333333336       9.220336315062415E-7     -1.5960075175603714E-4
-37.311417825504215       -9.333333333333336       1.1760191824437072E-6    -1.8859466561955867E-4
-34.54475115883754        -9.333333333333336       8.193977460420242E-6     -1.0134511461987853E-4
-31.778084492170876       -9.333333333333336       2.735759171856918E-4     -4.375301428988424E-6
-29.01141782550421        -9.333333333333336       2.830815211900511E-4     -8.262195378162971E-7
-26.244751158837545       -9.333333333333336       2.857896501435957E-4     4.472782498441088E-6
-23.478084492170872       -9.333333333333336       2.8709628172016356E-4    9.535530492742077E-6
-20.711417825504206       -9.333333333333336       2.9856119403871096E-4    1.1677054684782007E-5
-17.94475115883754        -9.333333333333336       2.8242170862881214E-4    1.1703432032446911E-5
-15.178084492170871       -9.333333333333336       2.96553355445444E-4      1.3947942171929527E-5
-12.411417825504206       -9.333333333333336       3.031738368018031E-4     1.7181259809520178E-5
-9.644751158837536        -9.333333333333336       3.081695710205299E-4     2.111539204700847E-5
-6.8780844921708635       -9.333333333333336       3.1060080732712563E-4    2.4282776604372335E-5
-4.111417825504198        -9.333333333333336       3.174742740221328E-4     2.7644337656636865E-5
-1.344751158837532        -9.333333333333336       3.277785638804702E-4     3.4400196598623777E-5
1.4219155078291337        -9.333333333333336       3.376339978731895E-4     4.148939142188316E-5
4.188582174495799         -9.333333333333336       3.6109249128269636E-4    4.729379839462145E-5
6.955248841162472         -9.333333333333336       3.5764504490273547E-4    5.151853296339801E-5
9.721915507829138         -9.333333333333336       3.8983086762699117E-4    6.019107089078094E-5
12.488582174495804        -9.333333333333336       4.123037319372988E-4     6.997108227929655E-5
15.25524884116247         -9.333333333333336       4.187783477843811E-4     1.2620906626406196E-4
18.021915507829135        -9.333333333333336       1.3318593598326184E-4    2.659918411533741E-4
20.788582174495808        -9.333333333333336       2.7070852566507745E-5    8.058500114609957E-5
23.555248841162474        -9.333333333333336       4.6576201790647135E-5    4.951365367108098E-5
26.321915507829154        -9.333333333333336       6.19326591551722E-5      3.483924944217331E-5
29.08858217449582         -9.333333333333336       7.43380452898665E-5      2.2343317341471927E-5
31.855248841162485        -9.333333333333336       7.5811045935973E-5       8.505599934382747E-6
34.62191550782914         -9.333333333333336       3.5192134259699226E-6    9.770974347915282E-5
37.388582174495816        -9.333333333333336       1.8719984134988333E-6    1.793921030855657E-4
40.15524884116248         -9.333333333333336       5.573383613225711E-7     1.5663379123492926E-4
-40.07808449217088        -6.666666666666671       3.7372634935662346E-6    -1.6252954607616594E-4
-37.311417825504215       -6.666666666666671       5.444729363350999E-6     -1.8211949322626447E-4
-34.54475115883754        -6.666666666666671       1.0354660308078768E-5    -9.935091137484281E-5
-31.778084492170876       -6.666666666666671       2.74172139649789E-4      -3.402222775298386E-6
-29.01141782550421        -6.666666666666671       2.8313150842184976E-4    -9.29704195585988E-7
-26.244751158837545       -6.666666666666671       2.783228259442851E-4     3.7383243185176834E-6
-23.478084492170872       -6.666666666666671       3.007288800912065E-4     2.2706273920726167E-6
-20.711417825504206       -6.666666666666671       2.976923285952007E-4     6.566558240397698E-6
-17.94475115883754        -6.666666666666671       2.8945598280631673E-4    9.03102123603137E-6
-15.178084492170871       -6.666666666666671       2.93324328664669E-4      9.827398174602813E-6
-12.411417825504206       -6.666666666666671       2.9795937774326016E-4    1.2246452291221116E-5
-9.644751158837536        -6.666666666666671       3.0619004418746735E-4    1.4856909841594882E-5
-6.8780844921708635       -6.666666666666671       3.1328603438375563E-4    1.8258952371884402E-5
-4.111417825504198        -6.666666666666671       3.349606712996835E-4     2.1728228092270294E-5
-1.344751158837532        -6.666666666666671       3.2983340005831034E-4    2.3690527383073547E-5
1.4219155078291337        -6.666666666666671       3.411627835527337E-4     2.9930752844647537E-5
4.188582174495799         -6.666666666666671       3.2004178096882636E-4    2.8619648931887276E-5
6.955248841162472         -6.666666666666671       3.811442673483248E-4     3.700941100746635E-5
9.721915507829138         -6.666666666666671       3.9938091612388136E-4    4.0447825778417435E-5
12.488582174495804        -6.666666666666671       4.108481540815374E-4     3.546298332861622E-5
15.25524884116247         -6.666666666666671       4.795507358576149E-4     -1.420929335120394E-5
18.021915507829135        -6.666666666666671       -8.079158098392226E-5    -3.879553733054203E-4
20.788582174495808        -6.666666666666671       2.589154540533615E-8     1.5496887980548608E-5
23.555248841162474        -6.666666666666671       3.687362709574878E-5     2.834042958870113E-5
26.321915507829154        -6.666666666666671       5.171076134329427E-5     2.284659402723571E-5
29.08858217449582         -6.666666666666671       6.0965003468832646E-5    1.5454552347951887E-5
31.855248841162485        -6.666666666666671       6.707744378824558E-5     7.858339526540231E-6
34.62191550782914         -6.666666666666671       6.029649854590511E-6     9.290360835353201E-5
37.388582174495816        -6.666666666666671       6.3662931802486505E-6    1.7994539474038942E-4
40.15524884116248         -6.666666666666671       2.433270115078941E-6     1.5860247066070066E-4
-40.07808449217088        -4                       2.6523865683258232E-5    -2.051610464278915E-4
-37.311417825504215       -4                       2.2058532628696415E-5    -1.7511265424087656E-4
-34.54475115883754        -4                       1.4249821053645118E-5    -9.061961140427703E-5
-31.778084492170876       -4                       2.925196151215739E-4     -2.8004973109584414E-6
-29.01141782550421        -4                       2.9621429346650386E-4    -1.109045410726119E-6
-26.244751158837545       -4                       2.947082102241131E-4     8.092663021573121E-7
-23.478084492170872       -4                       2.8356915248819087E-4    3.540566951305145E-6
-20.711417825504206       -4                       2.9047899941368803E-4    5.529204855670686E-6
-17.94475115883754        -4                       2.930867825170467E-4     4.549770589317313E-6
-15.178084492170871       -4                       2.9660400299692254E-4    4.567838296452968E-6
-12.411417825504206       -4                       2.988066243600014E-4     7.700234845196323E-6
-9.644751158837536        -4                       3.307786307834929E-4     8.48429281540974E-6
-6.8780844921708635       -4                       3.0457290661157186E-4    1.0770030157958874E-5
-4.111417825504198        -4                       3.2276449801047565E-4    1.2472437757088296E-5
-1.344751158837532        -4                       3.263059198715028E-4     1.3712621231093323E-5
1.4219155078291337        -4                       3.4847597337834386E-4    1.7207050955548855E-5
4.188582174495799         -4                       3.696118319865159E-4     1.6151733570222533E-5
6.955248841162472         -4                       3.8823420142642567E-4    2.0871193832940682E-5
9.721915507829138         -4                       3.8475987929607186E-4    2.170967798372609E-5
12.488582174495804        -4                       3.95793207120136E-4      1.9642259599029172E-5
15.25524884116247         -4                       3.749568124587782E-4     9.663707401779222E-6
18.021915507829135        -4                       1.7405213544975168E-4    -3.6550826966376865E-6
20.788582174495808        -4                       4.503165161774738E-5     1.2676459145993764E-5
23.555248841162474        -4                       3.8069429936296604E-5    1.5743896835030293E-5
26.321915507829154        -4                       4.498750207451966E-5     1.2059634273419583E-5
29.08858217449582         -4                       5.495067304858913E-5     8.42656798688829E-6
31.855248841162485        -4                       5.978674798775105E-5     5.247188806603904E-6
34.62191550782914         -4                       1.3932186110857714E-5    7.921121791236739E-5
37.388582174495816        -4                       2.4659406202224708E-5    1.756102314922208E-4
40.15524884116248         -4                       6.008717818068333E-6     1.680859799160472E-4
-40.07808449217088        -1.3333333333333357      -0.001339604827349969    -0.0016837753950652515
-37.311417825504215       -1.3333333333333357      0.0011096480216998715    -9.349187906776542E-4
-34.54475115883754        -1.3333333333333357      3.54455683706925E-5      -5.42102622988747E-5
-31.778084492170876       -1.3333333333333357      2.96105608361063E-4      -1.4622633195146655E-6
-29.01141782550421        -1.3333333333333357      2.874564893110815E-4     1.0795141947414681E-6
-26.244751158837545       -1.3333333333333357      2.9903140522125266E-4    -1.1422906841209736E-6
-23.478084492170872       -1.3333333333333357      2.9742471992279896E-4    3.2122314041516607E-6
-20.711417825504206       -1.3333333333333357      2.922383482133795E-4     -3.0627414507506925E-7
-17.94475115883754        -1.3333333333333357      2.970152639524458E-4     3.276779650615102E-6
-15.178084492170871       -1.3333333333333357      2.9970479461256783E-4    1.2616206239724168E-6
-12.411417825504206       -1.3333333333333357      3.1353780960749575E-4    3.4515350033495653E-6
-9.644751158837536        -1.3333333333333357      3.062718683544854E-4     3.5252953320523597E-6
-6.8780844921708635       -1.3333333333333357      3.1497136004823937E-4    3.0571178577203814E-6
-4.111417825504198        -1.3333333333333357      3.119453233241046E-4     5.531871972340735E-6
-1.344751158837532        -1.3333333333333357      3.2833189514912373E-4    4.627738158950858E-6
1.4219155078291337        -1.3333333333333357      3.424072716817102E-4     6.249086598768641E-6
4.188582174495799         -1.3333333333333357      3.4107915723375276E-4    4.839952007508025E-6
6.955248841162472         -1.3333333333333357      3.64399071084208E-4      5.366245659980888E-6
9.721915507829138         -1.3333333333333357      3.948789383407267E-4     6.075117557225332E-6
12.488582174495804        -1.3333333333333357      4.121455135848257E-4     1.1448498595842027E-5
15.25524884116247         -1.3333333333333357      4.527193628220781E-4     7.23770950397412E-5
18.021915507829135        -1.3333333333333357      7.310659855557422E-5     3.0964721344587135E-4
20.788582174495808        -1.3333333333333357      8.406628252319673E-6     2.9285815523095823E-5
23.555248841162474        -1.3333333333333357      3.252975625755018E-5     5.322232500657462E-6
26.321915507829154        -1.3333333333333357      4.4980949919388896E-5    3.4908923202277168E-6
29.08858217449582         -1.3333333333333357      5.6893948006795954E-5    2.4578143739548907E-6
31.855248841162485        -1.3333333333333357      5.806718980264468E-5     1.8036069504400188E-6
34.62191550782914         -1.3333333333333357      2.736227733355678E-5     3.5978520329649905E-5
37.388582174495816        -1.3333333333333357      8.518731254368413E-5     1.1350468486452446E-4
40.15524884116248         -1.3333333333333357      3.473197133183179E-7     1.2821339876297868E-4
-40.07808449217088        1.3333333333333357       -0.0013157052197504313   0.0016931272531552663
-37.311417825504215       1.3333333333333357       0.0011505696808050254    9.192855497075638E-4
-34.54475115883754        1.3333333333333357       3.510289078604723E-5     5.432484607249136E-5
-31.778084492170876       1.3333333333333357       2.931806137791155E-4     -1.942437730640354E-6
-29.01141782550421        1.3333333333333357       2.583487655910656E-4     -2.554185145260578E-7
-26.244751158837545       1.3333333333333357       2.84046718228273E-4      1.1419911351754438E-6
-23.478084492170872       1.3333333333333357       2.921939157605999E-4     -2.4589761851495767E-6
-20.711417825504206       1.3333333333333357       2.9383267585903047E-4    -1.3110415161150828E-6
-17.94475115883754        1.3333333333333357       3.01826725788464E-4      -2.1863513525759583E-6
-15.178084492170871       1.3333333333333357       2.9688594593014984E-4    -1.8161647826693907E-6
-12.411417825504206       1.3333333333333357       2.9933334672087406E-4    -5.127512943707446E-6
-9.644751158837536        1.3333333333333357       3.021840221039814E-4     -3.0555684982856473E-6
-6.8780844921708635       1.3333333333333357       3.044984626831168E-4     -3.047767254164642E-6
-4.111417825504198        1.3333333333333357       3.1900014474525046E-4    -4.7091295295313E-6
-1.344751158837532        1.3333333333333357       3.380399311721816E-4     -8.139298236412869E-6
1.4219155078291337        1.3333333333333357       3.552294607890786E-4     -6.280483787457044E-6
4.188582174495799         1.3333333333333357       3.780177010468381E-4     -1.001963046736121E-5
6.955248841162472         1.3333333333333357       3.6553477455845057E-4    -7.572814747711172E-6
9.721915507829138         1.3333333333333357       3.915085449059434E-4     -1.0598284790128799E-5
12.488582174495804        1.3333333333333357       4.081707981305733E-4     -2.012354188459533E-5
15.25524884116247         1.3333333333333357       4.308827546550991E-4     -7.930870326559422E-5
18.021915507829135        1.3333333333333357       7.222450582808981E-5     -3.2113076652760776E-4
20.788582174495808        1.3333333333333357       9.95575737645352E-6      -3.858470464101448E-5
23.555248841162474        1.3333333333333357       3.482166201938722E-5     -1.2004980324386603E-5
26.321915507829154        1.3333333333333357       4.78246670630003E-5      -7.0291776210747485E-6
29.08858217449582         1.3333333333333357       5.511547889232093E-5     -4.246872759388468E-6
31.855248841162485        1.3333333333333357       5.938261895309267E-5     -2.0407914413821387E-6
34.62191550782914         1.3333333333333357       2.7104024293226037E-5    -3.547424888826607E-5
37.388582174495816        1.3333333333333357       8.41490814654948E-5      -1.1359879289592451E-4
40.15524884116248         1.3333333333333357       9.492587464107662E-7     -1.2678680888581446E-4
-40.07808449217088        4                        2.647967035407308E-5     2.1052136121926264E-4
-37.311417825504215       4                        2.090242332817842E-5     1.7384763756951924E-4
-34.54475115883754        4                        1.4131494220708907E-5    9.075627407552722E-5
-31.778084492170876       4                        2.9580446366790246E-4    3.332288644125606E-6
-29.01141782550421        4                        2.8642000216329614E-4    1.5607225416627343E-6
-26.244751158837545       4                        2.82189470225419E-4      -1.3949317576642442E-6
-23.478084492170872       4                        2.802122927945422E-4     -3.043555423995567E-6
-20.711417825504206       4                        2.9393035921664154E-4    -5.612074258951096E-6
-17.94475115883754        4                        2.9476310298464444E-4    -4.481771334215062E-6
-15.178084492170871       4                        2.9375949889550465E-4    -6.146041347520702E-6
-12.411417825504206       4                        2.970098894090021E-4     -7.946276628076045E-6
-9.644751158837536        4                        3.0170053139406576E-4    -9.033569429780404E-6
-6.8780844921708635       4                        3.271404756398008E-4     -1.1502975182292247E-5
-4.111417825504198        4                        3.162193306391357E-4     -1.0907571566043458E-5
-1.344751158837532        4                        3.3745931928947666E-4    -1.6154081471116903E-5
1.4219155078291337        4                        3.497453322881484E-4     -2.056334003749906E-5
4.188582174495799         4                        3.46744131414646E-4      -1.9826791286033218E-5
6.955248841162472         4                        3.676850444488239E-4     -2.305840881230616E-5
9.721915507829138         4                        3.800068127776029E-4     -2.5587631330796006E-5
12.488582174495804        4                        3.8842532275566304E-4    -2.5905528674861566E-5
15.25524884116247         4                        3.670357775164631E-4     -2.2232344142227265E-5
18.021915507829135        4                        1.7898226392343581E-4    -1.3154863629533972E-5
20.788582174495808        4                        5.084215984974601E-5     -2.2532197995514634E-5
23.555248841162474        4                        4.392294824036637E-5     -2.179506886966974E-5
26.321915507829154        4                        5.0405351498124595E-5    -1.608733037858944E-5
29.08858217449582         4                        5.8434142614720926E-5    -1.0043311248965832E-5
31.855248841162485        4                        6.113209216904515E-5     -4.521656404937916E-6
34.62191550782914         4                        1.4378056764982158E-5    -7.96017700875165E-5
37.388582174495816        4                        2.431705020190307E-5     -1.7581428856146785E-4
40.15524884116248         4                        6.558320105754891E-6     -1.693481164277818E-4
-40.07808449217088        6.666666666666664        3.580945331909172E-6     1.6562195451686588E-4
-37.311417825504215       6.666666666666664        5.241678668695972E-6     1.8281166050781547E-4
-34.54475115883754        6.666666666666664        1.0495969594205441E-5    9.931791358773835E-5
-31.778084492170876       6.666666666666664        2.8196258942884506E-4    4.1375673468092205E-6
-29.01141782550421        6.666666666666664        2.718349500321674E-4     1.2363439391692333E-6
-26.244751158837545       6.666666666666664        2.865116890225217E-4     -2.8225982314234385E-6
-23.478084492170872       6.666666666666664        2.874567228570455E-4     -2.1366438167235683E-6
-20.711417825504206       6.666666666666664        2.875456343616672E-4     -7.9598011639835E-6
-17.94475115883754        6.666666666666664        2.84687130166299E-4      -9.598730302684058E-6
-15.178084492170871       6.666666666666664        3.015055113520329E-4     -1.1507983299566984E-5
-12.411417825504206       6.666666666666664        3.077040809134233E-4     -1.381365768910811E-5
-9.644751158837536        6.666666666666664        3.0437216091787784E-4    -1.5467447871298123E-5
-6.8780844921708635       6.666666666666664        3.2025016737535664E-4    -2.0860609006888414E-5
-4.111417825504198        6.666666666666664        3.3248694071407077E-4    -2.1141831142467482E-5
-1.344751158837532        6.666666666666664        3.289424327128876E-4     -2.6544295151988003E-5
1.4219155078291337        6.666666666666664        3.3680031986716737E-4    -2.9184938485479186E-5
4.188582174495799         6.666666666666664        3.398775146649436E-4     -3.263018594418838E-5
6.955248841162472         6.666666666666664        3.7200973601509324E-4    -3.841209842745457E-5
9.721915507829138         6.666666666666664        3.8673155304493387E-4    -4.365141241039135E-5
12.488582174495804        6.666666666666664        3.941107795938462E-4     -3.932761581756844E-5
15.25524884116247         6.666666666666664        4.6841661792759444E-4    7.717952319773479E-6
18.021915507829135        6.666666666666664        -6.931997242336407E-5    3.872371934631354E-4
20.788582174495808        6.666666666666664        1.1137718506372572E-5    -2.084264546050894E-5
23.555248841162474        6.666666666666664        4.3952689101070885E-5    -3.135963392369964E-5
26.321915507829154        6.666666666666664        5.828833420960281E-5     -2.5563630153132975E-5
29.08858217449582         6.666666666666664        6.579476498768066E-5     -1.628401710677366E-5
31.855248841162485        6.666666666666664        6.82360649793436E-5      -7.0168698397847244E-6
34.62191550782914         6.666666666666664        6.103737547739081E-6     -9.297074212355162E-5
37.388582174495816        6.666666666666664        6.338792051157641E-6     -1.8121859754120117E-4
40.15524884116248         6.666666666666664        2.326311121988945E-6     -1.6105993479221853E-4
-40.07808449217088        9.333333333333336        -1.1736091930037195E-7   1.5962835649195608E-4
-37.311417825504215       9.333333333333336        1.2166557020293257E-6    1.8789099170234624E-4
-34.54475115883754        9.333333333333336        8.291646878630488E-6     1.0120470343213535E-4
-31.778084492170876       9.333333333333336        2.848601674404701E-4     5.460759726242329E-6
-29.01141782550421        9.333333333333336        2.851300503012028E-4     -3.211527863934779E-6
-26.244751158837545       9.333333333333336        2.8025364890658916E-4    -4.7575918932837096E-6
-23.478084492170872       9.333333333333336        2.832592173446103E-4     -1.0185228130390048E-5
-20.711417825504206       9.333333333333336        2.8336050201120677E-4    -1.0894524875757848E-5
-17.94475115883754        9.333333333333336        2.9339711034448944E-4    -1.2140800986912746E-5
-15.178084492170871       9.333333333333336        2.9071529932620427E-4    -1.4931329396144248E-5
-12.411417825504206       9.333333333333336        2.6501006890189855E-4    -1.4747248144455872E-5
-9.644751158837536        9.333333333333336        3.048394920733767E-4     -2.0446554654963E-5
-6.8780844921708635       9.333333333333336        3.097412132516054E-4     -2.417323196082878E-5
-4.111417825504198        9.333333333333336        3.080813854633995E-4     -2.7475456316763862E-5
-1.344751158837532        9.333333333333336        3.271339030711974E-4     -3.420376576442824E-5
1.4219155078291337        9.333333333333336        3.335218418729423E-4     -3.93034414385839E-5
4.188582174495799         9.333333333333336        3.6757004065404123E-4    -4.824760535056457E-5
6.955248841162472         9.333333333333336        3.761597445412709E-4     -5.57841652487532E-5
9.721915507829138         9.333333333333336        3.8267810339317375E-4    -5.988702982214824E-5
12.488582174495804        9.333333333333336        3.952764794753794E-4     -6.759340609666767E-5
15.25524884116247         9.333333333333336        4.161787959274384E-4     -1.2318958925489935E-4
18.021915507829135        9.333333333333336        1.3783676730380352E-4    -2.562190777784201E-4
20.788582174495808        9.333333333333336        3.742153964749457E-5     -7.901195873326086E-5
23.555248841162474        9.333333333333336        5.470211495648169E-5     -4.853837282774835E-5
26.321915507829154        9.333333333333336        6.815953079295495E-5     -3.522181660314805E-5
29.08858217449582         9.333333333333336        7.655808543156301E-5     -2.2234336862532864E-5
31.855248841162485        9.333333333333336        7.767588242220291E-5     -8.726607852055129E-6
34.62191550782914         9.333333333333336        3.52118103493898E-6      -9.844821322088309E-5
37.388582174495816        9.333333333333336        2.1790227723390315E-6    -1.810561707281069E-4
40.15524884116248         9.333333333333336        1.990107920053601E-8     -1.5488885883814307E-4
-40.07808449217088        12                       -2.4445739273106235E-7   1.5833855679033804E-4
-37.311417825504215       12                       7.797810529953092E-7     1.8766381893010553E-4
-34.54475115883754        12                       8.03064319608907E-6      1.0124521942823436E-4
-31.778084492170876       12                       2.762400134894447E-4     4.450164440193712E-6
-29.01141782550421        12                       2.7532168600144535E-4    -2.0933524731507363E-6
-26.244751158837545       12                       2.7477021753812843E-4    -6.362528232141232E-6
-23.478084492170872       12                       3.0628731190495106E-4    -1.0896131878185969E-5
-20.711417825504206       12                       2.8477146149492573E-4    -1.451786682691265E-5
-17.94475115883754        12                       2.8664116906307996E-4    -1.6441987689666257E-5
-15.178084492170871       12                       2.9743050596972413E-4    -1.8511571118342603E-5
-12.411417825504206       12                       3.1162200363959503E-4    -2.305429887293175E-5
-9.644751158837536        12                       3.0299504969208597E-4    -2.4906767112257436E-5
-6.8780844921708635       12                       3.0635592765139734E-4    -3.068278019395938E-5
-4.111417825504198        12                       3.125344041301211E-4     -3.6123457252453585E-5
-1.344751158837532        12                       3.1821403425022E-4       -4.318056738407334E-5
1.4219155078291337        12                       3.1645456003516866E-4    -5.060153531641754E-5
4.188582174495799         12                       3.299684025143862E-4     -5.6309369806567244E-5
6.955248841162472         12                       3.477211561938078E-4     -6.594248992655973E-5
9.721915507829138         12                       3.766459240403405E-4     -7.807934918148522E-5
12.488582174495804        12                       3.9901035495816864E-4    -8.237460595666955E-5
15.25524884116247         12                       3.805655199463478E-4     -4.600852099576599E-5
18.021915507829135        12                       1.7580826648758537E-4    3.656423445761737E-7
20.788582174495808        12                       5.965006795421125E-5     -5.645324207265338E-5
23.555248841162474        12                       6.572180180997275E-5     -5.938504996928212E-5
26.321915507829154        12                       8.121885551280726E-5     -4.5323956960182984E-5
29.08858217449582         12                       9.008882118780657E-5     -2.7847769324506016E-5
31.855248841162485        12                       9.308986142121439E-5     -9.648170191460449E-6
34.62191550782914         12                       3.074066605897812E-6     -9.873828529409227E-5
37.388582174495816        12                       6.794070327358112E-7     -1.8228137829048516E-4
40.15524884116248         12                       5.591211955373854E-7     -1.5510257899474148E-4
-40.07808449217088        14.666666666666671       4.4477981197013234E-7    1.5729185656107177E-4
-37.311417825504215       14.666666666666671       1.4193285557440734E-6    1.872839764957584E-4
-34.54475115883754        14.666666666666671       8.553985073501323E-6     1.0159722522388836E-4
-31.778084492170876       14.666666666666671       2.708875018738253E-4     4.02819005277024E-6
-29.01141782550421        14.666666666666671       2.7771189272721364E-4    -5.185260059195483E-6
-26.244751158837545       14.666666666666671       2.726662787903981E-4     -1.0999136828899067E-5
-23.478084492170872       14.666666666666671       2.9509357285358126E-4    -1.1869955701748894E-5
-20.711417825504206       14.666666666666671       2.9662128334445045E-4    -1.696346193102577E-5
-17.94475115883754        14.666666666666671       2.8590392262733E-4       -2.047803156687419E-5
-15.178084492170871       14.666666666666671       2.7931550761307086E-4    -2.0939208027494286E-5
-12.411417825504206       14.666666666666671       2.985707492847284E-4     -2.6181122397656178E-5
-9.644751158837536        14.666666666666671       3.1463732312837165E-4    -3.051481403153911E-5
-6.8780844921708635       14.666666666666671       2.973136404289468E-4     -3.612632978263225E-5
-4.111417825504198        14.666666666666671       3.0181898723473545E-4    -4.102683858864394E-5
-1.344751158837532        14.666666666666671       3.0831383786682264E-4    -4.833343659910879E-5
1.4219155078291337        14.666666666666671       3.1812318894091577E-4    -5.839356512175792E-5
4.188582174495799         14.666666666666671       3.2468295391205554E-4    -6.975723125429753E-5
6.955248841162472         14.666666666666671       3.386847663235457E-4     -8.210311945561459E-5
9.721915507829138         14.666666666666671       3.5287259446835736E-4    -9.680100905394542E-5
12.488582174495804        14.666666666666671       4.029234551507021E-4     -1.160624011791065E-4
15.25524884116247         14.666666666666671       5.233337932993233E-4     -1.0184776815900002E-4
18.021915507829135        14.666666666666671       -5.973229183309325E-4    3.7982713158463924E-4
20.788582174495808        14.666666666666671       1.8313639787437793E-5    -1.0586995621085283E-4
23.555248841162474        14.666666666666671       8.169003277883421E-5     -8.553734085235194E-5
26.321915507829154        14.666666666666671       1.047418238321731E-4     -5.9113845340625395E-5
29.08858217449582         14.666666666666671       1.1203270186111923E-4    -3.362894717398833E-5
31.855248841162485        14.666666666666671       1.1427915838810951E-4    -1.0629616815113765E-5
34.62191550782914         14.666666666666671       3.7176472302678558E-6    -9.919859311329526E-5
37.388582174495816        14.666666666666671       5.486298713443154E-7     -1.8078604573741939E-4
40.15524884116248         14.666666666666671       -2.343340546856584E-7    -1.5351187036627862E-4
-40.07808449217088        17.333333333333336       7.889720474207427E-7     1.561417112662937E-4
-37.311417825504215       17.333333333333336       2.8634269159671302E-6    1.8781920817911092E-4
-34.54475115883754        17.333333333333336       1.2002571426291826E-5    1.0453752815566552E-4
-31.778084492170876       17.333333333333336       2.5912719126358093E-4    1.9983962639999655E-6
-29.01141782550421        17.333333333333336       2.6510573865073776E-4    -9.948306242513604E-6
-26.244751158837545       17.333333333333336       2.789861386585995E-4     -1.619502172697615E-5
-23.478084492170872       17.333333333333336       2.746795983253522E-4     -1.7117424087754733E-5
-20.711417825504206       17.333333333333336       2.7939906598111326E-4    -1.9258892102486576E-5
-17.94475115883754        17.333333333333336       2.808458482749417E-4     -2.1561881808360837E-5
-15.178084492170871       17.333333333333336       2.9182412383330135E-4    -2.485081723330818E-5
-12.411417825504206       17.333333333333336       2.876479958821662E-4     -2.7720456519786254E-5
-9.644751158837536        17.333333333333336       2.8411095999036803E-4    -3.188392206626998E-5
-6.8780844921708635       17.333333333333336       2.897055869912232E-4     -3.787919857072004E-5
-4.111417825504198        17.333333333333336       3.1454737024345605E-4    -4.824611288582243E-5
-1.344751158837532        17.333333333333336       3.0928060782978487E-4    -5.6135242568527395E-5
1.4219155078291337        17.333333333333336       3.060917445377403E-4     -6.680405180384003E-5
4.188582174495799         17.333333333333336       3.1331861616188674E-4    -7.900586258596057E-5
6.955248841162472         17.333333333333336       3.2327440461606973E-4    -9.931195232524382E-5
9.721915507829138         17.333333333333336       3.3221339571197294E-4    -1.204406412884825E-4
12.488582174495804        17.333333333333336       3.6736885941816014E-4    -1.6304100640346527E-4
15.25524884116247         17.333333333333336       3.803423511039431E-4     -2.556709292762674E-4
18.021915507829135        17.333333333333336       1.8669013294794867E-4    -3.7094567234221523E-4
20.788582174495808        17.333333333333336       1.0336097258810711E-4    -1.9876888570947963E-4
23.555248841162474        17.333333333333336       1.2421859172033597E-4    -1.1467787677128215E-4
26.321915507829154        17.333333333333336       1.3535234100459594E-4    -6.864529189005075E-5
29.08858217449582         17.333333333333336       1.3820455240193188E-4    -3.695714505776817E-5
31.855248841162485        17.333333333333336       1.349155561585643E-4     -1.1951146372286094E-5
34.62191550782914         17.333333333333336       6.730913639758312E-6     -1.0061047725049103E-4
37.388582174495816        17.333333333333336       6.088876533883071E-7     -1.8154194883623353E-4
40.15524884116248         17.333333333333336       -1.655565609333967E-7    -1.5335538772022651E-4
-40.07808449217088        20.000000000000007       1.352197160451044E-6     1.5199989560425934E-4
-37.311417825504215       20.000000000000007       8.503436098844643E-6     1.8508540263397763E-4
-34.54475115883754        20.000000000000007       3.188493830374965E-5     1.1766579078710422E-4
-31.778084492170876       20.000000000000007       2.425820889140044E-4     -2.0612183953135298E-7
-29.01141782550421        20.000000000000007       2.5140182925262875E-4    -2.0869668474842595E-5
-26.244751158837545       20.000000000000007       2.5867513673153624E-4    -2.3048846178326342E-5
-23.478084492170872       20.000000000000007       2.806076096478437E-4     -2.4194140774631124E-5
-20.711417825504206       20.000000000000007       2.843928362956345E-4     -2.4775101238859295E-5
-17.94475115883754        20.000000000000007       2.8290441169976873E-4    -2.5060765697066157E-5
-15.178084492170871       20.000000000000007       2.7844944807030764E-4    -2.7087429796759977E-5
-12.411417825504206       20.000000000000007       2.796211080435475E-4     -3.112224286156479E-5
-9.644751158837536        20.000000000000007       2.759456981318136E-4     -3.469578052472643E-5
-6.8780844921708635       20.000000000000007       2.960483356185642E-4     -4.405778970704603E-5
-4.111417825504198        20.000000000000007       3.023283806073447E-4     -4.998212059544859E-5
-1.344751158837532        20.000000000000007       2.8694266147519254E-4    -5.9550961368973345E-5
1.4219155078291337        20.000000000000007       2.9045171237052737E-4    -7.268966230676909E-5
4.188582174495799         20.000000000000007       2.877631594004644E-4     -8.407372730392561E-5
6.955248841162472         20.000000000000007       3.1664774127056195E-4    -1.1160488277751292E-4
9.721915507829138         20.000000000000007       3.123009033684393E-4     -1.3484743664203872E-4
12.488582174495804        20.000000000000007       3.08754632829645E-4      -1.6778448343867717E-4
15.25524884116247         20.000000000000007       2.942082295051511E-4     -2.1068946080690564E-4
18.021915507829135        20.000000000000007       2.3716173646128475E-4    -2.324576269598685E-4
20.788582174495808        20.000000000000007       1.7797900535033455E-4    -1.7056765204924315E-4
23.555248841162474        20.000000000000007       1.7099252230512143E-4    -1.1331456443263012E-4
26.321915507829154        20.000000000000007       1.7616042811898213E-4    -6.887932981021388E-5
29.08858217449582         20.000000000000007       1.672233277608089E-4     -3.114798136698404E-5
31.855248841162485        20.000000000000007       1.515056740218742E-4     -1.0769924639128853E-5
34.62191550782914         20.000000000000007       2.3998043565179756E-5    -1.0763598808948393E-4
37.388582174495816        20.000000000000007       3.4402425790031595E-6    -1.8041472821082844E-4
40.15524884116248         20.000000000000007       3.7000512471832106E-7    -1.508510042155642E-4
-40.07808449217088        22.66666666666667        3.025792259779665E-6     1.4418606965311732E-4
-37.311417825504215       22.66666666666667        1.84186007936816E-5      1.768869714747493E-4
-34.54475115883754        22.66666666666667        1.4517592228983288E-4    1.7061444556669758E-4
-31.778084492170876       22.66666666666667        1.921649202704691E-4     -1.543061909185498E-6
-29.01141782550421        22.66666666666667        2.57703378008657E-4      -5.5495394090085465E-5
-26.244751158837545       22.66666666666667        2.757803064733854E-4     -3.380784856565837E-5
-23.478084492170872       22.66666666666667        2.666675746012492E-4     -2.536956340704E-5
-20.711417825504206       22.66666666666667        2.7896099316291766E-4    -2.663153596016959E-5
-17.94475115883754        22.66666666666667        2.82374701636238E-4      -2.444882952360723E-5
-15.178084492170871       22.66666666666667        2.747565659835292E-4     -2.7963699100023046E-5
-12.411417825504206       22.66666666666667        2.80891009323284E-4      -3.2461522761989905E-5
-9.644751158837536        22.66666666666667        2.7781541767167995E-4    -3.547046217312436E-5
-6.8780844921708635       22.66666666666667        2.833465100120278E-4     -4.494670782564538E-5
-4.111417825504198        22.66666666666667        2.8160947593013693E-4    -5.114156976611225E-5
-1.344751158837532        22.66666666666667        2.8824662243734866E-4    -6.407150609191498E-5
1.4219155078291337        22.66666666666667        2.842224763571677E-4     -7.430821317423748E-5
4.188582174495799         22.66666666666667        2.794062959474991E-4     -8.862637571015022E-5
6.955248841162472         22.66666666666667        2.805470021532093E-4     -1.0994235810339383E-4
9.721915507829138         22.66666666666667        2.8404182881755643E-4    -1.365161636437786E-4
12.488582174495804        22.66666666666667        2.810753009761002E-4     -1.6886860787945703E-4
15.25524884116247         22.66666666666667        2.6655781143047804E-4    -1.9085955357530605E-4
18.021915507829135        22.66666666666667        2.5966814006691895E-4    -1.9732069481541824E-4
20.788582174495808        22.66666666666667        2.313695153920053E-4     -1.5953041477907546E-4
23.555248841162474        22.66666666666667        2.318084483844821E-4     -1.1626847405790475E-4
26.321915507829154        22.66666666666667        2.2619392528187672E-4    -6.095921551401315E-5
29.08858217449582         22.66666666666667        1.9866417023966065E-4    -9.072695404522224E-7
31.855248841162485        22.66666666666667        1.46983340335401E-4      -6.787592363463441E-6
34.62191550782914         22.66666666666667        1.2332748303924435E-4    -1.5402052955326224E-4
37.388582174495816        22.66666666666667        1.3110011791518387E-5    -1.7473164251720856E-4
40.15524884116248         22.66666666666667        2.2167564686454126E-6    -1.4536831258144371E-4
-40.07808449217088        25.333333333333336       2.446327731970945E-6     1.3446314800170627E-4
-37.311417825504215       25.333333333333336       1.590459280951409E-5     1.561813914077092E-4
-34.54475115883754        25.333333333333336       3.9449723165354525E-4    2.9083314289249566E-5
-31.778084492170876       25.333333333333336       9.409424228523579E-4     1.516648445335962E-5
-29.01141782550421        25.333333333333336       0.001741616136763681     1.1489921304677453E-6
-26.244751158837545       25.333333333333336       0.0017566346563508417    -1.3510943341725758E-6
-23.478084492170872       25.333333333333336       0.001744117227969426     -3.7552717414946005E-6
-20.711417825504206       25.333333333333336       0.0017473640626441771    4.1731838244284316E-7
-17.94475115883754        25.333333333333336       0.0017329627501951861    -4.7432044092906365E-6
-15.178084492170871       25.333333333333336       0.0017484614547181876    1.329780886437138E-6
-12.411417825504206       25.333333333333336       0.001748137443339202     -3.035776545272698E-6
-9.644751158837536        25.333333333333336       0.0017158468365243964    1.9527826680014946E-6
-6.8780844921708635       25.333333333333336       0.0017444034524024946    -5.6614029635320125E-6
-4.111417825504198        25.333333333333336       0.0017103755394572786    2.630216880554271E-6
-1.344751158837532        25.333333333333336       0.0017174517832028184    -9.791203859082777E-6
1.4219155078291337        25.333333333333336       0.0016756708078343075    -1.168954567532529E-5
4.188582174495799         25.333333333333336       0.0016739881602517279    -3.601620634615337E-6
6.955248841162472         25.333333333333336       0.0016738798025954       -5.751291241661053E-6
9.721915507829138         25.333333333333336       0.0016673385833089061    -1.1083059321108193E-5
12.488582174495804        25.333333333333336       0.0016423178880376188    -1.1759348159719267E-5
15.25524884116247         25.333333333333336       0.0016318460567504843    -1.4057914872662558E-5
18.021915507829135        25.333333333333336       0.0016123997859653631    -8.53885578809002E-6
20.788582174495808        25.333333333333336       0.0015966080715580453    -1.125629145928275E-5
23.555248841162474        25.333333333333336       0.0015683205264281981    -9.207847835123963E-6
26.321915507829154        25.333333333333336       0.0015517271161019867    -7.774936946556772E-6
29.08858217449582         25.333333333333336       0.0015722994365009826    -2.0224521000837504E-6
31.855248841162485        25.333333333333336       8.251486673033308E-4     -3.0474116748039154E-5
34.62191550782914         25.333333333333336       3.1439027133073875E-4    -3.696984304596854E-5
37.388582174495816        25.333333333333336       1.665225546239373E-5     -1.560082791041838E-4
40.15524884116248         25.333333333333336       2.7944205084354454E-6    -1.3659203103666824E-4
-40.07808449217088        28.000000000000007       9.935177110504538E-7     1.290525304126888E-4
-37.311417825504215       28.000000000000007       2.4273029055430187E-6    1.5221640596791005E-4
-34.54475115883754        28.000000000000007       -1.1446661252571814E-7   2.0473354439289515E-5
34.62191550782914         28.000000000000007       -9.155664846128226E-8    -2.3191658707835607E-5
37.388582174495816        28.000000000000007       3.380859926504074E-6     -1.488200881681199E-4
40.15524884116248         28.000000000000007       8.602218005267467E-7     -1.305987873166512E-4
-40.07808449217088        30.66666666666668        2.0446802869856854E-6    1.2447832321661227E-4
-37.311417825504215       30.66666666666668        3.396948813454051E-6     1.5190536501334613E-4
-34.54475115883754        30.66666666666668        -1.8602921123615075E-7   2.3969833997506923E-5
34.62191550782914         30.66666666666668        1.6229286243067373E-7    -2.8647028216506533E-5
37.388582174495816        30.66666666666668        -1.6462917025731952E-6   -1.4896162881866687E-4
40.15524884116248         30.66666666666668        -2.72750216216874E-7     -1.3048933488101947E-4
-40.07808449217088        33.333333333333336       5.315031041490128E-6     1.1465738815120172E-4
-37.311417825504215       33.333333333333336       1.660027819384537E-5     1.5519442663222775E-4
-34.54475115883754        33.333333333333336       -1.834093246144995E-7    2.52193076821498E-5
34.62191550782914         33.333333333333336       -3.0158883210127104E-7   -2.391013231485751E-5
37.388582174495816        33.333333333333336       -5.892488049619519E-6    -1.4935746042535407E-4
40.15524884116248         33.333333333333336       -2.1652456200130458E-7   -1.336781336253342E-4
-40.07808449217088        36.00000000000001        1.50990793289247E-5      8.482212090511809E-5
-37.311417825504215       36.00000000000001        7.512084008813897E-5     1.548555511287249E-4
-34.54475115883754        36.00000000000001        3.3213639394227836E-6    7.367831564879446E-5
34.62191550782914         36.00000000000001        -2.3749764808508145E-6   7.29228234967454E-6
37.388582174495816        36.00000000000001        2.594390378290058E-5     -1.590164532314012E-4
40.15524884116248         36.00000000000001        1.3601088624613691E-5    -1.1215732952182029E-4
-40.07808449217088        38.66666666666668        2.1843560260487178E-5    2.1330999819254844E-5
-37.311417825504215       38.66666666666668        1.6604378411809925E-4    5.680216641645349E-5
-34.54475115883754        38.66666666666668        0.002550724422523032     1.6289801234210718E-4
-31.778084492170876       38.66666666666668        0.002926063957697525     -1.4161599204167968E-5
-29.01141782550421        38.66666666666668        0.0028230732854807265    3.095001584866888E-5
-26.244751158837545       38.66666666666668        0.00268906021639447      -3.1189139852427615E-6
-23.478084492170872       38.66666666666668        0.002699848039078853     3.661998404774411E-6
-20.711417825504206       38.66666666666668        0.002728586354158979     6.01746078053385E-6
-17.94475115883754        38.66666666666668        0.002699313398426857     -2.1740235920100469E-7
-15.178084492170871       38.66666666666668        0.0027199583648922112    -7.650221630212879E-8
-12.411417825504206       38.66666666666668        0.0027161039817955993    3.357664625566853E-6
-9.644751158837536        38.66666666666668        0.0027310822830648625    1.8061953678262849E-6
-6.8780844921708635       38.66666666666668        0.002727064361713772     5.387333925503232E-7
-4.111417825504198        38.66666666666668        0.002716587334052477     2.3284705828488592E-7
-1.344751158837532        38.66666666666668        0.0027170517320981593    4.156535808970145E-6
1.4219155078291337        38.66666666666668        0.0027046216404244096    -4.3996281015406945E-6
4.188582174495799         38.66666666666668        0.0027038253345513692    -4.464346541679728E-6
6.955248841162472         38.66666666666668        0.002721370927439062     3.3674430496112443E-6
9.721915507829138         38.66666666666668        0.002728921973115203     5.100471458037535E-6
12.488582174495804        38.66666666666668        0.0027164465316599994    3.153969025505615E-6
15.25524884116247         38.66666666666668        0.002699987395385512     3.3147911578594505E-6
18.021915507829135        38.66666666666668        0.002705729869510853     2.7930436553838896E-6
20.788582174495808        38.66666666666668        0.002713269278748015     -2.6180935366136515E-7
23.555248841162474        38.66666666666668        0.002748283638342717     -2.5053838640813347E-6
26.321915507829154        38.66666666666668        0.002846955361568668     3.259862780727142E-6
29.08858217449582         38.66666666666668        0.002816471308850421     8.974366123132536E-6
31.855248841162485        38.66666666666668        0.002905546162882455     -1.1787843989396258E-5
34.62191550782914         38.66666666666668        0.00236081314639374      -1.315333683025251E-4
37.388582174495816        38.66666666666668        1.665598584007685E-4     -7.116099580581312E-5
40.15524884116248         38.66666666666668        2.4194408061473177E-5    -2.5779723054082697E-5
